Export Date and Time,2026-01-27,10:57:36
CAP Name and Version,AutoStrainCap2,2.3.0.634202
Patient Name,REPRO X
Patient ID,11111
Patient Date of Birth,1900-01-01
Patient Sex,male
Study ID,20250717.112229
Study Instance UID,1.2.840.113663.1500.1.406786358.1.1.20250717.112229.200
Study Date and Time,2025-07-17,11:22:29


Results LvApical
==========================================================
Global
----------------------------------------------------------
GLS Endo Peak Avg,-18.82,%
GLS Endo Peak A4C,-18.03,%
GLS Endo Peak A2C,-18.45,%
GLS Endo Peak A3C,-19.99,%
GLS Mid Peak Avg,-16.12,%
GLS Mid Peak A4C,-15.50,%
GLS Mid Peak A2C,-15.97,%
GLS Mid Peak A3C,-16.90,%
Diastolic Major Axis A4C,93.53,mm
Systolic Major Axis A4C,78.35,mm
Diastolic Major Axis A2C,95.73,mm
Systolic Major Axis A2C,79.82,mm
ED,0.00,ms
ES,363.33,ms

Results LvApical
==========================================================
Longitudinal Strain Endo
T2P
Minimum
----------------------------------------------------------
Segment 0 [mean],422.46,ms
----------------------------------------------------------
Segment 1 [ant],448.24,ms
Segment 2 [ant/sept],454.16,ms
Segment 3 [inf/sept],1005.08,ms
Segment 4 [inf],464.03,ms
Segment 5 [inf/lat],436.39,ms
Segment 6 [ant/lat],434.41,ms
----------------------------------------------------------
Segment 7 [ant],458.11,ms
Segment 8 [ant/sept],341.61,ms
Segment 9 [inf/sept],329.76,ms
Segment 10 [inf],343.58,ms
Segment 11 [inf/lat],337.66,ms
Segment 12 [ant/lat],323.84,ms
----------------------------------------------------------
Segment 13 [ant],335.68,ms
Segment 14 [ant/sept],464.03,ms
Segment 15 [inf/sept],426.52,ms
Segment 16 [inf],341.61,ms
Segment 17 [inf/lat],319.89,ms
Segment 18 [ant/lat],339.63,ms
----------------------------------------------------------


Results LvApical
==========================================================
Longitudinal Strain Mid
T2P
Minimum
----------------------------------------------------------
Segment 0 [mean],421.80,ms
----------------------------------------------------------
Segment 1 [ant],446.26,ms
Segment 2 [ant/sept],460.08,ms
Segment 3 [inf/sept],1005.08,ms
Segment 4 [inf],466.01,ms
Segment 5 [inf/lat],446.26,ms
Segment 6 [ant/lat],432.44,ms
----------------------------------------------------------
Segment 7 [ant],458.11,ms
Segment 8 [ant/sept],341.61,ms
Segment 9 [inf/sept],329.76,ms
Segment 10 [inf],341.61,ms
Segment 11 [inf/lat],373.20,ms
Segment 12 [ant/lat],300.14,ms
----------------------------------------------------------
Segment 13 [ant],337.66,ms
Segment 14 [ant/sept],333.71,ms
Segment 15 [inf/sept],430.47,ms
Segment 16 [inf],438.36,ms
Segment 17 [inf/lat],315.94,ms
Segment 18 [ant/lat],335.68,ms
----------------------------------------------------------


Results LvApical
==========================================================
Longitudinal Strain Endo
End-systolic

----------------------------------------------------------
Segment 0 [mean],-18.68,%
----------------------------------------------------------
Segment 1 [ant],-16.18,%
Segment 2 [ant/sept],-14.66,%
Segment 3 [inf/sept],-13.76,%
Segment 4 [inf],-8.94,%
Segment 5 [inf/lat],-20.92,%
Segment 6 [ant/lat],-20.56,%
----------------------------------------------------------
Segment 7 [ant],-20.32,%
Segment 8 [ant/sept],-19.65,%
Segment 9 [inf/sept],-15.51,%
Segment 10 [inf],-16.91,%
Segment 11 [inf/lat],-19.42,%
Segment 12 [ant/lat],-16.69,%
----------------------------------------------------------
Segment 13 [ant],-25.53,%
Segment 14 [ant/sept],-24.13,%
Segment 15 [inf/sept],-18.51,%
Segment 16 [inf],-22.89,%
Segment 17 [inf/lat],-20.49,%
Segment 18 [ant/lat],-21.10,%
----------------------------------------------------------


Results LvApical
==========================================================
Longitudinal Strain Mid
End-systolic

----------------------------------------------------------
Segment 0 [mean],-15.99,%
----------------------------------------------------------
Segment 1 [ant],-14.98,%
Segment 2 [ant/sept],-12.50,%
Segment 3 [inf/sept],-12.73,%
Segment 4 [inf],-7.57,%
Segment 5 [inf/lat],-19.65,%
Segment 6 [ant/lat],-19.35,%
----------------------------------------------------------
Segment 7 [ant],-18.60,%
Segment 8 [ant/sept],-17.00,%
Segment 9 [inf/sept],-13.92,%
Segment 10 [inf],-13.98,%
Segment 11 [inf/lat],-16.66,%
Segment 12 [ant/lat],-13.63,%
----------------------------------------------------------
Segment 13 [ant],-21.69,%
Segment 14 [ant/sept],-19.83,%
Segment 15 [inf/sept],-16.38,%
Segment 16 [inf],-18.63,%
Segment 17 [inf/lat],-15.19,%
Segment 18 [ant/lat],-15.58,%
----------------------------------------------------------


Results LvApical
==========================================================
Longitudinal Strain Endo
Peak-systolic

----------------------------------------------------------
Segment 0 [mean],-18.79,%
----------------------------------------------------------
Segment 1 [ant],-16.18,%
Segment 2 [ant/sept],-14.66,%
Segment 3 [inf/sept],-13.76,%
Segment 4 [inf],-8.94,%
Segment 5 [inf/lat],-20.92,%
Segment 6 [ant/lat],-20.56,%
----------------------------------------------------------
Segment 7 [ant],-20.32,%
Segment 8 [ant/sept],-19.92,%
Segment 9 [inf/sept],-15.95,%
Segment 10 [inf],-17.19,%
Segment 11 [inf/lat],-19.51,%
Segment 12 [ant/lat],-16.80,%
----------------------------------------------------------
Segment 13 [ant],-25.72,%
Segment 14 [ant/sept],-24.22,%
Segment 15 [inf/sept],-18.51,%
Segment 16 [inf],-22.95,%
Segment 17 [inf/lat],-20.79,%
Segment 18 [ant/lat],-21.23,%
----------------------------------------------------------


Results LvApical
==========================================================
Longitudinal Strain Mid
Peak-systolic

----------------------------------------------------------
Segment 0 [mean],-16.12,%
----------------------------------------------------------
Segment 1 [ant],-14.98,%
Segment 2 [ant/sept],-12.50,%
Segment 3 [inf/sept],-12.73,%
Segment 4 [inf],-7.57,%
Segment 5 [inf/lat],-19.65,%
Segment 6 [ant/lat],-19.35,%
----------------------------------------------------------
Segment 7 [ant],-18.60,%
Segment 8 [ant/sept],-17.25,%
Segment 9 [inf/sept],-14.34,%
Segment 10 [inf],-14.29,%
Segment 11 [inf/lat],-16.66,%
Segment 12 [ant/lat],-14.00,%
----------------------------------------------------------
Segment 13 [ant],-21.87,%
Segment 14 [ant/sept],-20.01,%
Segment 15 [inf/sept],-16.38,%
Segment 16 [inf],-18.63,%
Segment 17 [inf/lat],-15.57,%
Segment 18 [ant/lat],-15.80,%
----------------------------------------------------------


Curves LvApical
==========================================================
Longitudinal Strain Endo
Unit [%]
Time [ms],0.00,19.75,39.49,59.24,78.98,98.73,118.48,138.22,157.97,177.72,197.46,217.21,236.95,256.70,276.45,296.19,315.94,335.68,355.43,375.18,394.92,414.67,434.41,454.16,473.91,493.65,513.40,533.15,552.89,572.64,592.38,612.13,631.88,651.62,671.37,691.11,710.86,730.61,750.35,770.10,789.85,809.59,829.34,849.08,868.83,888.58,908.32,928.07,947.81,967.56,987.31,1007.05,1026.80,1046.55,1066.29,1086.04,1105.78,1125.53,1145.28,1165.02,1184.77,
Total,0.00,0.34,-0.24,-1.84,-3.46,-4.98,-6.46,-7.98,-9.51,-11.04,-12.47,-13.78,-14.95,-16.03,-16.97,-17.74,-18.30,-18.62,-18.74,-18.74,-18.67,-18.55,-18.46,-18.00,-16.89,-15.05,-12.69,-10.35,-8.58,-7.28,-6.51,-6.11,-5.99,-6.03,-6.13,-6.25,-6.32,-6.35,-6.35,-6.33,-6.30,-6.26,-6.21,-6.16,-6.10,-6.03,-5.94,-5.87,-5.86,-5.93,-5.89,-5.45,-4.30,-2.56,-0.84,0.40,1.04,1.03,0.41,-0.12,0.00,
Segment 1,0.00,0.32,-1.07,-2.34,-3.63,-5.24,-6.73,-8.22,-9.61,-10.95,-12.24,-13.31,-14.10,-14.64,-14.96,-15.32,-15.58,-15.93,-16.15,-16.20,-16.24,-16.14,-16.46,-16.54,-15.88,-14.69,-12.62,-10.65,-9.08,-7.93,-6.91,-5.84,-4.93,-4.18,-4.47,-5.04,-5.67,-6.13,-6.30,-6.64,-6.49,-6.55,-6.48,-6.62,-6.69,-6.81,-6.80,-6.85,-6.99,-7.33,-7.51,-6.96,-5.90,-4.03,-2.01,0.21,1.73,2.16,0.69,-0.34,0.00,
Segment 2,0.00,2.57,3.09,-0.86,-2.48,-3.61,-4.38,-5.60,-6.95,-8.39,-9.81,-11.15,-12.13,-13.00,-13.53,-13.93,-14.33,-14.60,-14.66,-14.62,-14.48,-14.51,-14.85,-15.08,-14.62,-12.55,-9.95,-7.99,-7.31,-7.60,-7.58,-7.61,-7.03,-6.78,-6.41,-6.39,-6.30,-6.31,-6.27,-6.24,-6.20,-6.15,-6.13,-6.04,-6.00,-5.91,-5.85,-5.73,-5.75,-5.58,-5.44,-4.60,-3.56,-2.00,-0.84,-0.13,-0.12,-0.46,-1.29,-1.31,0.00,
Segment 3,0.00,-3.43,-3.00,-3.48,-4.21,-5.11,-5.94,-6.67,-7.39,-8.26,-9.10,-9.96,-10.72,-11.38,-11.97,-12.46,-12.87,-13.24,-13.61,-13.97,-14.27,-14.48,-14.45,-13.62,-12.46,-11.40,-10.72,-10.53,-9.44,-8.53,-8.99,-9.43,-10.36,-11.04,-11.22,-11.39,-11.47,-11.69,-12.09,-12.59,-13.03,-13.39,-13.72,-13.98,-14.22,-14.39,-14.54,-14.64,-14.78,-14.97,-15.11,-15.34,-14.67,-12.83,-10.56,-7.97,-5.98,-5.04,-3.72,-0.95,0.00,
Segment 4,0.00,-3.01,-3.80,0.75,1.06,0.40,-1.18,-1.81,-2.41,-2.81,-3.34,-3.90,-4.46,-5.12,-5.77,-6.46,-7.14,-7.82,-8.63,-9.43,-10.48,-11.33,-12.76,-13.70,-13.65,-11.82,-8.90,-6.23,-5.47,-5.67,-6.29,-6.74,-7.13,-7.37,-7.56,-7.68,-7.79,-8.04,-8.25,-8.38,-8.31,-8.19,-8.10,-8.13,-8.19,-8.26,-8.20,-8.23,-8.49,-9.18,-9.66,-9.39,-7.29,-4.45,-1.34,1.29,3.42,4.60,4.57,2.76,0.00,
Segment 5,0.00,2.89,4.19,2.59,0.39,-1.63,-3.59,-5.68,-7.69,-9.80,-11.64,-13.45,-15.05,-16.36,-17.57,-18.49,-19.49,-20.12,-20.83,-20.96,-21.20,-21.28,-21.44,-21.15,-19.77,-16.83,-13.03,-9.48,-7.62,-6.56,-6.15,-5.47,-5.06,-4.63,-4.41,-4.23,-4.09,-3.98,-3.84,-3.69,-3.60,-3.51,-3.46,-3.45,-3.48,-3.55,-3.63,-3.73,-3.79,-3.85,-3.59,-2.78,-1.05,1.01,2.82,4.03,4.38,3.81,1.98,0.30,0.00,
Segment 6,0.00,2.06,0.68,-0.46,-1.62,-2.81,-4.22,-5.70,-7.36,-9.16,-10.90,-12.29,-13.48,-14.85,-16.37,-17.84,-19.08,-19.94,-20.40,-20.82,-21.34,-21.84,-22.26,-21.44,-19.09,-16.04,-13.15,-10.82,-9.76,-9.06,-8.02,-7.07,-6.52,-6.29,-6.43,-6.81,-7.28,-7.67,-7.88,-8.00,-8.14,-8.35,-8.57,-8.75,-8.90,-9.01,-9.09,-9.17,-9.33,-9.53,-9.58,-9.17,-7.40,-3.85,-0.22,2.17,3.57,3.91,3.17,1.01,0.00,
Segment 7,0.00,0.71,-0.63,-2.30,-3.48,-4.60,-6.09,-7.66,-9.30,-10.83,-12.24,-13.60,-14.90,-16.33,-17.63,-18.76,-19.54,-20.06,-20.30,-20.29,-20.20,-20.47,-21.31,-21.91,-21.23,-17.81,-13.37,-9.22,-7.53,-7.06,-7.10,-7.23,-7.20,-7.19,-6.94,-6.50,-6.23,-6.02,-6.22,-6.12,-6.25,-6.05,-6.00,-5.86,-5.82,-5.68,-5.57,-5.45,-5.44,-5.51,-5.48,-5.08,-4.12,-2.75,-1.31,-0.13,0.54,0.52,-0.51,-1.25,0.00,
Segment 8,0.00,1.75,0.25,-3.17,-5.73,-6.77,-7.79,-9.31,-11.30,-13.13,-14.71,-15.93,-17.02,-17.87,-18.64,-19.20,-19.69,-19.90,-19.81,-19.30,-18.54,-17.45,-16.27,-14.82,-13.94,-13.88,-14.30,-13.98,-12.44,-10.29,-8.63,-7.91,-7.88,-7.97,-8.14,-8.21,-8.28,-8.21,-8.11,-7.97,-7.90,-7.83,-7.72,-7.57,-7.38,-7.19,-6.96,-6.82,-6.73,-6.88,-6.75,-6.08,-4.16,-1.84,0.48,1.66,2.14,1.50,0.26,-0.83,0.00,
Segment 9,0.00,-0.56,-0.52,-1.93,-3.97,-5.79,-7.28,-8.57,-9.71,-10.98,-12.28,-13.24,-13.95,-14.54,-15.01,-15.47,-15.85,-15.93,-15.68,-15.20,-14.66,-14.40,-14.56,-13.97,-11.89,-9.31,-7.46,-5.96,-4.67,-3.83,-3.86,-3.96,-3.81,-3.60,-3.43,-3.32,-3.18,-3.09,-2.91,-2.74,-2.66,-2.65,-2.62,-2.54,-2.43,-2.28,-2.12,-1.98,-1.76,-1.57,-1.82,-2.26,-1.52,0.89,3.31,4.05,3.88,3.21,2.36,1.46,0.00,
Segment 10,0.00,1.69,1.89,-1.02,-2.72,-4.76,-6.27,-7.71,-8.68,-9.56,-10.70,-11.91,-13.00,-14.22,-15.23,-16.15,-16.75,-17.15,-17.09,-16.50,-15.60,-14.56,-13.45,-11.91,-9.44,-6.32,-2.84,-0.45,0.30,-0.14,-0.65,-0.56,-0.18,0.20,0.29,0.32,0.35,0.51,0.72,0.92,1.13,1.30,1.46,1.60,1.73,1.87,1.95,2.02,2.06,2.17,2.22,2.28,1.25,0.35,-0.33,0.33,0.90,1.13,0.13,-0.25,0.00,
Segment 11,0.00,0.98,0.25,-2.05,-4.05,-5.61,-7.25,-8.99,-10.88,-12.51,-14.00,-15.21,-16.29,-17.34,-18.23,-18.93,-19.31,-19.51,-19.43,-19.37,-18.96,-18.29,-17.03,-15.43,-13.33,-11.30,-9.24,-7.84,-7.18,-7.18,-7.13,-6.77,-6.15,-5.59,-5.27,-5.12,-5.02,-4.88,-4.74,-4.58,-4.43,-4.27,-4.12,-3.97,-3.82,-3.67,-3.54,-3.39,-3.28,-3.22,-3.05,-2.46,-1.59,-0.43,0.53,1.14,1.21,0.82,0.17,-0.37,0.00,
Segment 12,0.00,-0.18,-1.86,-3.67,-5.43,-7.06,-8.57,-9.94,-11.16,-12.40,-13.52,-14.42,-15.12,-15.77,-16.31,-16.66,-16.79,-16.79,-16.74,-16.62,-16.50,-16.44,-16.35,-15.87,-14.76,-13.05,-11.26,-9.59,-8.28,-7.51,-7.54,-7.65,-7.28,-6.75,-6.40,-6.15,-6.00,-5.86,-5.68,-5.46,-5.28,-5.12,-4.97,-4.82,-4.64,-4.44,-4.29,-4.19,-4.07,-3.89,-3.63,-3.26,-2.81,-2.50,-2.08,-1.36,-0.74,-0.26,-0.19,-0.52,0.00,
Segment 13,0.00,-3.06,-4.92,-2.44,-3.55,-6.15,-9.35,-11.64,-13.61,-15.41,-17.25,-19.07,-20.88,-22.47,-23.87,-24.88,-25.50,-25.72,-25.58,-25.41,-24.93,-24.56,-23.62,-22.59,-20.61,-18.16,-14.82,-11.09,-7.24,-3.71,-1.06,0.16,0.25,-0.70,-2.48,-4.54,-6.16,-6.73,-6.79,-6.57,-6.60,-6.56,-6.53,-6.51,-6.45,-6.35,-6.16,-5.98,-5.84,-5.94,-5.85,-5.61,-4.45,-3.19,-1.60,-0.71,0.17,0.36,0.99,0.67,0.00,
Segment 14,0.00,3.41,3.26,-3.30,-6.62,-8.40,-9.39,-11.10,-13.14,-15.46,-17.25,-18.92,-20.33,-21.70,-22.82,-23.69,-24.11,-24.22,-24.09,-24.24,-24.28,-24.19,-24.46,-24.64,-24.63,-24.11,-22.83,-20.50,-17.62,-14.51,-12.21,-10.91,-10.71,-10.91,-10.90,-10.69,-10.43,-10.36,-10.36,-10.44,-10.37,-10.28,-10.12,-9.93,-9.69,-9.44,-9.20,-9.01,-8.91,-8.91,-8.65,-7.69,-5.67,-3.11,-0.70,1.32,2.21,2.04,0.04,-1.05,0.00,
Segment 15,0.00,-2.58,-1.03,-1.77,-3.57,-5.36,-6.75,-7.97,-9.11,-10.15,-11.25,-12.50,-13.85,-15.06,-16.15,-17.06,-17.71,-18.17,-18.43,-18.64,-18.93,-19.14,-19.17,-18.88,-18.31,-16.61,-13.37,-9.52,-6.68,-4.41,-2.66,-1.90,-1.69,-1.90,-2.11,-2.26,-2.32,-2.30,-2.26,-2.23,-2.26,-2.29,-2.30,-2.27,-2.21,-2.15,-2.07,-2.01,-1.99,-2.01,-1.98,-1.70,-0.87,0.66,1.97,2.34,2.21,1.68,1.19,1.37,0.00,
Segment 16,0.00,0.66,0.03,-1.53,-3.00,-4.91,-6.82,-9.12,-11.31,-13.48,-15.42,-17.22,-18.84,-20.20,-21.34,-22.16,-22.73,-22.95,-22.92,-22.84,-22.72,-22.50,-22.43,-22.07,-21.26,-20.37,-18.87,-16.79,-14.01,-11.28,-9.40,-8.56,-8.73,-9.21,-9.35,-9.36,-9.36,-9.46,-9.44,-9.39,-9.31,-9.28,-9.18,-9.12,-9.01,-8.90,-8.80,-8.72,-8.72,-8.95,-8.93,-8.14,-5.95,-3.13,-0.56,0.70,1.02,0.60,-0.26,-0.65,0.00,
Segment 17,0.00,1.08,-0.21,-4.80,-7.06,-8.24,-9.13,-10.76,-12.71,-14.61,-16.13,-17.33,-18.32,-19.29,-20.06,-20.55,-20.78,-20.72,-20.55,-20.41,-20.21,-19.89,-19.49,-19.02,-18.37,-17.49,-16.23,-14.54,-12.38,-10.25,-8.70,-8.32,-8.58,-8.99,-8.98,-8.72,-8.37,-8.13,-7.98,-7.88,-7.78,-7.65,-7.49,-7.30,-7.08,-6.88,-6.69,-6.56,-6.47,-6.53,-6.33,-5.59,-4.10,-2.20,-0.50,0.41,0.56,0.05,-0.59,-0.89,0.00,
Segment 18,0.00,0.78,-0.52,-2.04,-3.68,-5.03,-6.34,-7.72,-9.21,-10.87,-12.56,-14.34,-16.03,-17.61,-19.02,-20.14,-20.90,-21.22,-21.16,-21.04,-21.00,-20.79,-20.29,-19.84,-19.42,-17.96,-14.82,-11.09,-8.05,-5.86,-4.82,-4.85,-5.55,-6.44,-6.97,-7.13,-7.02,-6.81,-6.72,-6.73,-6.73,-6.68,-6.60,-6.47,-6.35,-6.24,-6.13,-6.00,-5.86,-5.69,-5.48,-5.18,-4.51,-3.42,-2.69,-2.61,-2.66,-2.45,-2.12,-1.52,0.00,

----------------------------------------------------------


Curves LvApical
==========================================================
Longitudinal Strain Mid
Unit [%]
Time [ms],0.00,19.75,39.49,59.24,78.98,98.73,118.48,138.22,157.97,177.72,197.46,217.21,236.95,256.70,276.45,296.19,315.94,335.68,355.43,375.18,394.92,414.67,434.41,454.16,473.91,493.65,513.40,533.15,552.89,572.64,592.38,612.13,631.88,651.62,671.37,691.11,710.86,730.61,750.35,770.10,789.85,809.59,829.34,849.08,868.83,888.58,908.32,928.07,947.81,967.56,987.31,1007.05,1026.80,1046.55,1066.29,1086.04,1105.78,1125.53,1145.28,1165.02,1184.77,
Total,0.00,0.26,-0.18,-1.45,-2.78,-4.05,-5.31,-6.61,-7.94,-9.27,-10.52,-11.67,-12.69,-13.64,-14.48,-15.16,-15.66,-15.95,-16.06,-16.05,-16.00,-15.90,-15.82,-15.44,-14.51,-12.92,-10.88,-8.84,-7.27,-6.12,-5.43,-5.07,-4.96,-4.99,-5.07,-5.16,-5.22,-5.24,-5.23,-5.21,-5.18,-5.14,-5.10,-5.05,-5.00,-4.94,-4.87,-4.81,-4.81,-4.87,-4.84,-4.47,-3.50,-2.03,-0.59,0.43,0.95,0.93,0.38,-0.09,0.00,
Segment 1,0.00,0.28,-1.00,-2.14,-3.32,-4.83,-6.23,-7.67,-9.04,-10.35,-11.61,-12.61,-13.34,-13.78,-14.01,-14.27,-14.48,-14.77,-14.96,-14.99,-14.99,-14.84,-15.05,-15.06,-14.50,-13.63,-11.94,-10.28,-8.84,-7.72,-6.69,-5.56,-4.60,-3.79,-4.04,-4.59,-5.19,-5.65,-5.82,-6.15,-6.01,-6.08,-6.03,-6.16,-6.23,-6.33,-6.33,-6.38,-6.53,-6.86,-7.04,-6.50,-5.46,-3.66,-1.75,0.31,1.69,2.07,0.67,-0.30,0.00,
Segment 2,0.00,2.60,3.18,-0.44,-1.85,-2.77,-3.35,-4.39,-5.58,-6.87,-8.15,-9.36,-10.26,-11.02,-11.50,-11.84,-12.19,-12.44,-12.50,-12.47,-12.39,-12.52,-13.01,-13.44,-13.15,-11.30,-8.88,-7.08,-6.54,-6.88,-6.91,-6.85,-6.22,-5.87,-5.49,-5.45,-5.36,-5.37,-5.32,-5.29,-5.24,-5.19,-5.17,-5.09,-5.06,-4.98,-4.91,-4.80,-4.82,-4.69,-4.59,-3.88,-2.98,-1.66,-0.69,-0.12,-0.16,-0.53,-1.38,-1.40,0.00,
Segment 3,0.00,-3.34,-2.79,-3.14,-3.74,-4.55,-5.31,-5.97,-6.63,-7.46,-8.25,-9.08,-9.82,-10.47,-11.03,-11.49,-11.87,-12.21,-12.58,-12.94,-13.25,-13.45,-13.39,-12.56,-11.39,-10.45,-10.00,-10.00,-9.08,-8.29,-8.75,-9.19,-10.04,-10.64,-10.79,-10.92,-10.99,-11.19,-11.57,-12.05,-12.46,-12.80,-13.11,-13.36,-13.60,-13.77,-13.90,-14.00,-14.13,-14.32,-14.45,-14.69,-14.10,-12.43,-10.34,-7.90,-6.01,-5.09,-3.79,-1.03,0.00,
Segment 4,0.00,-2.83,-3.54,0.93,1.34,0.82,-0.61,-1.13,-1.67,-2.02,-2.51,-3.00,-3.51,-4.09,-4.67,-5.27,-5.88,-6.50,-7.26,-8.07,-9.11,-9.97,-11.32,-12.24,-12.31,-10.79,-8.26,-5.91,-5.29,-5.54,-6.15,-6.59,-6.94,-7.15,-7.29,-7.35,-7.42,-7.63,-7.82,-7.95,-7.89,-7.77,-7.68,-7.71,-7.78,-7.84,-7.78,-7.80,-8.04,-8.70,-9.16,-8.90,-6.88,-4.15,-1.16,1.36,3.40,4.50,4.36,2.55,0.00,
Segment 5,0.00,2.72,4.06,2.76,0.76,-1.12,-2.98,-4.95,-6.84,-8.82,-10.55,-12.27,-13.79,-15.06,-16.24,-17.15,-18.11,-18.75,-19.51,-19.79,-20.24,-20.61,-21.08,-21.10,-20.01,-17.23,-13.55,-10.07,-8.25,-7.20,-6.76,-6.05,-5.59,-5.12,-4.89,-4.72,-4.62,-4.53,-4.41,-4.29,-4.20,-4.12,-4.07,-4.08,-4.12,-4.20,-4.29,-4.39,-4.45,-4.50,-4.21,-3.33,-1.49,0.65,2.52,3.73,4.09,3.58,1.91,0.35,0.00,
Segment 6,0.00,2.03,0.81,-0.22,-1.28,-2.38,-3.71,-5.15,-6.76,-8.49,-10.15,-11.47,-12.60,-13.90,-15.37,-16.77,-17.94,-18.74,-19.19,-19.61,-20.15,-20.67,-21.06,-20.21,-17.86,-14.93,-12.28,-10.18,-9.27,-8.67,-7.69,-6.78,-6.21,-5.95,-6.07,-6.45,-6.91,-7.29,-7.47,-7.55,-7.68,-7.88,-8.09,-8.27,-8.41,-8.53,-8.63,-8.71,-8.88,-9.09,-9.12,-8.69,-6.95,-3.56,-0.08,2.20,3.53,3.83,3.09,0.99,0.00,
Segment 7,0.00,0.65,-0.64,-2.11,-3.11,-4.05,-5.39,-6.87,-8.43,-9.89,-11.22,-12.48,-13.66,-14.97,-16.16,-17.20,-17.91,-18.38,-18.59,-18.56,-18.45,-18.68,-19.46,-20.04,-19.46,-16.32,-12.26,-8.46,-6.99,-6.65,-6.74,-6.89,-6.84,-6.77,-6.41,-5.86,-5.49,-5.25,-5.43,-5.34,-5.46,-5.27,-5.22,-5.07,-5.01,-4.87,-4.76,-4.64,-4.63,-4.67,-4.63,-4.26,-3.38,-2.17,-0.92,0.06,0.55,0.44,-0.57,-1.26,0.00,
Segment 8,0.00,1.54,0.16,-2.67,-4.85,-5.69,-6.52,-7.82,-9.58,-11.20,-12.62,-13.70,-14.67,-15.42,-16.10,-16.59,-17.04,-17.24,-17.16,-16.66,-15.95,-14.96,-13.89,-12.61,-11.92,-12.06,-12.69,-12.62,-11.32,-9.40,-7.87,-7.14,-7.02,-7.03,-7.16,-7.24,-7.33,-7.26,-7.15,-7.02,-6.93,-6.85,-6.74,-6.60,-6.42,-6.24,-6.02,-5.88,-5.79,-5.95,-5.87,-5.33,-3.65,-1.62,0.39,1.38,1.75,1.13,0.03,-0.88,0.00,
Segment 9,0.00,-0.38,-0.30,-1.56,-3.40,-5.02,-6.34,-7.50,-8.51,-9.66,-10.85,-11.74,-12.40,-12.98,-13.44,-13.89,-14.25,-14.33,-14.08,-13.62,-13.08,-12.80,-12.91,-12.27,-10.22,-7.82,-6.29,-5.14,-4.15,-3.53,-3.62,-3.71,-3.53,-3.27,-3.08,-2.96,-2.82,-2.70,-2.51,-2.30,-2.20,-2.15,-2.09,-2.00,-1.88,-1.72,-1.56,-1.41,-1.19,-0.99,-1.21,-1.63,-1.00,1.17,3.31,3.89,3.63,2.97,2.15,1.28,0.00,
Segment 10,0.00,1.84,2.14,-0.64,-2.14,-3.92,-5.17,-6.38,-7.15,-7.87,-8.83,-9.86,-10.80,-11.86,-12.71,-13.49,-13.97,-14.27,-14.17,-13.57,-12.70,-11.69,-10.58,-9.10,-6.86,-4.17,-1.23,0.70,1.14,0.55,-0.04,0.04,0.47,0.91,1.06,1.14,1.20,1.39,1.63,1.83,2.03,2.18,2.33,2.46,2.58,2.71,2.77,2.84,2.89,3.03,3.10,3.10,1.91,0.79,-0.11,0.39,0.83,0.97,-0.09,-0.47,0.00,
Segment 11,0.00,0.90,0.32,-1.52,-3.19,-4.52,-5.95,-7.47,-9.12,-10.52,-11.80,-12.81,-13.74,-14.67,-15.47,-16.10,-16.44,-16.63,-16.62,-16.69,-16.50,-16.10,-15.14,-13.86,-12.08,-10.32,-8.52,-7.35,-6.94,-7.11,-7.15,-6.74,-6.01,-5.35,-5.00,-4.84,-4.76,-4.64,-4.51,-4.35,-4.21,-4.05,-3.91,-3.77,-3.64,-3.51,-3.39,-3.24,-3.14,-3.07,-2.90,-2.34,-1.53,-0.50,0.32,0.84,0.89,0.55,0.02,-0.39,0.00,
Segment 12,0.00,-0.24,-1.62,-3.16,-4.70,-6.14,-7.49,-8.71,-9.81,-10.88,-11.82,-12.53,-13.04,-13.49,-13.84,-13.99,-13.95,-13.81,-13.69,-13.55,-13.43,-13.39,-13.32,-12.92,-11.99,-10.63,-9.31,-8.09,-7.15,-6.64,-6.82,-6.98,-6.57,-5.96,-5.55,-5.25,-5.06,-4.90,-4.68,-4.42,-4.22,-4.05,-3.90,-3.75,-3.58,-3.40,-3.27,-3.19,-3.09,-2.92,-2.66,-2.29,-1.96,-1.91,-1.76,-1.21,-0.70,-0.29,-0.22,-0.49,0.00,
Segment 13,0.00,-3.39,-4.94,-1.99,-2.63,-4.82,-7.63,-9.58,-11.24,-12.74,-14.32,-15.90,-17.48,-18.89,-20.14,-21.06,-21.64,-21.87,-21.75,-21.55,-21.04,-20.64,-19.69,-18.66,-16.77,-14.47,-11.42,-8.04,-4.55,-1.35,1.02,2.03,2.01,1.05,-0.67,-2.63,-4.16,-4.70,-4.77,-4.58,-4.60,-4.56,-4.52,-4.50,-4.44,-4.35,-4.18,-4.03,-3.91,-3.98,-3.91,-3.76,-2.97,-2.16,-1.09,-0.58,0.04,0.26,1.17,1.07,0.00,
Segment 14,0.00,2.61,2.46,-2.88,-5.48,-6.79,-7.42,-8.70,-10.27,-12.15,-13.66,-15.10,-16.34,-17.56,-18.59,-19.41,-19.85,-20.01,-19.86,-19.77,-19.50,-19.06,-18.90,-18.72,-18.52,-17.97,-16.85,-14.82,-12.22,-9.41,-7.38,-6.38,-6.41,-6.76,-6.82,-6.66,-6.41,-6.35,-6.36,-6.43,-6.38,-6.33,-6.22,-6.06,-5.86,-5.65,-5.46,-5.32,-5.28,-5.30,-5.18,-4.57,-3.28,-1.58,0.03,1.53,2.20,2.05,0.33,-0.68,0.00,
Segment 15,0.00,-2.27,-0.99,-1.64,-3.18,-4.69,-5.83,-6.77,-7.63,-8.44,-9.35,-10.43,-11.65,-12.77,-13.82,-14.74,-15.44,-15.96,-16.28,-16.51,-16.76,-16.93,-16.98,-16.85,-16.56,-15.12,-12.04,-8.34,-5.49,-3.22,-1.56,-0.81,-0.61,-0.82,-1.01,-1.15,-1.22,-1.22,-1.22,-1.23,-1.25,-1.26,-1.25,-1.19,-1.11,-1.02,-0.91,-0.82,-0.76,-0.77,-0.75,-0.55,0.08,1.26,2.20,2.31,2.05,1.59,1.18,1.22,0.00,
Segment 16,0.00,0.95,0.74,-0.72,-1.91,-3.39,-4.82,-6.63,-8.38,-10.15,-11.77,-13.31,-14.73,-15.95,-16.98,-17.75,-18.32,-18.58,-18.63,-18.62,-18.61,-18.53,-18.67,-18.56,-18.03,-17.20,-15.84,-13.99,-11.55,-9.15,-7.52,-6.88,-7.14,-7.63,-7.77,-7.77,-7.74,-7.81,-7.78,-7.73,-7.63,-7.60,-7.52,-7.48,-7.41,-7.35,-7.30,-7.26,-7.28,-7.49,-7.48,-6.82,-4.95,-2.55,-0.39,0.61,0.82,0.42,-0.36,-0.67,0.00,
Segment 17,0.00,0.58,-0.51,-4.11,-5.76,-6.57,-7.18,-8.42,-9.91,-11.34,-12.42,-13.24,-13.90,-14.58,-15.12,-15.45,-15.57,-15.46,-15.26,-15.10,-14.89,-14.59,-14.16,-13.71,-13.15,-12.61,-11.80,-10.62,-8.92,-7.21,-5.99,-5.84,-6.24,-6.73,-6.75,-6.52,-6.19,-5.95,-5.82,-5.72,-5.65,-5.57,-5.45,-5.31,-5.13,-4.97,-4.84,-4.76,-4.69,-4.74,-4.59,-4.03,-2.92,-1.50,-0.25,0.39,0.46,0.05,-0.37,-0.58,0.00,
Segment 18,0.00,0.71,-0.19,-1.24,-2.39,-3.34,-4.31,-5.38,-6.58,-7.91,-9.26,-10.67,-11.99,-13.18,-14.22,-15.05,-15.61,-15.80,-15.66,-15.48,-15.39,-15.16,-14.73,-14.54,-14.59,-13.69,-11.07,-7.87,-5.26,-3.41,-2.57,-2.66,-3.37,-4.21,-4.67,-4.78,-4.63,-4.41,-4.33,-4.35,-4.38,-4.37,-4.32,-4.23,-4.14,-4.07,-3.99,-3.91,-3.81,-3.68,-3.53,-3.33,-2.90,-2.21,-1.87,-2.07,-2.28,-2.11,-1.79,-1.28,0.00,

----------------------------------------------------------


Curves LvApical
==========================================================
Longitudinal Strain Rate Endo
Unit [1/s]
Time [ms],0.00,19.75,39.49,59.24,78.98,98.73,118.48,138.22,157.97,177.72,197.46,217.21,236.95,256.70,276.45,296.19,315.94,335.68,355.43,375.18,394.92,414.67,434.41,454.16,473.91,493.65,513.40,533.15,552.89,572.64,592.38,612.13,631.88,651.62,671.37,691.11,710.86,730.61,750.35,770.10,789.85,809.59,829.34,849.08,868.83,888.58,908.32,928.07,947.81,967.56,987.31,1007.05,1026.80,1046.55,1066.29,1086.04,1105.78,1125.53,1145.28,1165.02,1184.77,
Segment 1,0.32,-0.28,-0.75,-0.62,-0.74,-0.80,-0.75,-0.73,-0.69,-0.67,-0.61,-0.47,-0.34,-0.20,-0.17,-0.16,-0.16,-0.15,-0.06,-0.02,0.04,-0.06,-0.15,0.14,0.46,0.85,1.08,0.91,0.68,0.53,0.53,0.51,0.46,0.12,-0.26,-0.32,-0.29,-0.14,-0.14,-0.05,0.04,-0.00,-0.01,-0.06,-0.05,-0.03,-0.00,-0.04,-0.13,-0.17,0.08,0.40,0.76,1.01,1.11,1.00,0.55,-0.33,-0.78,-0.15,0.30,
Segment 2,1.46,0.99,-1.07,-1.63,-0.59,-0.44,-0.48,-0.67,-0.71,-0.73,-0.71,-0.59,-0.47,-0.36,-0.22,-0.20,-0.18,-0.08,-0.00,0.06,0.05,-0.10,-0.18,-0.01,0.64,1.28,1.23,0.68,0.02,-0.10,-0.01,0.15,0.23,0.16,0.10,0.02,0.02,0.00,0.02,0.01,0.02,0.02,0.03,0.03,0.03,0.04,0.05,0.02,0.04,0.06,0.24,0.48,0.68,0.73,0.48,0.18,-0.09,-0.34,-0.30,0.36,0.78,
Segment 3,-2.10,-0.70,0.18,-0.35,-0.42,-0.45,-0.39,-0.35,-0.41,-0.44,-0.43,-0.42,-0.36,-0.32,-0.27,-0.23,-0.19,-0.19,-0.19,-0.17,-0.14,-0.08,0.22,0.54,0.59,0.46,0.16,0.30,0.61,0.10,-0.27,-0.35,-0.46,-0.20,-0.07,-0.06,-0.07,-0.16,-0.24,-0.25,-0.20,-0.17,-0.15,-0.13,-0.11,-0.08,-0.06,-0.06,-0.09,-0.08,-0.13,0.05,0.66,1.07,1.27,1.22,0.70,0.45,1.14,1.02,0.30,
Segment 4,-1.69,-1.22,1.25,1.51,-0.26,-0.64,-0.60,-0.27,-0.25,-0.23,-0.28,-0.28,-0.31,-0.33,-0.34,-0.35,-0.34,-0.38,-0.40,-0.48,-0.46,-0.59,-0.66,-0.28,0.47,1.28,1.54,0.90,0.07,-0.25,-0.29,-0.21,-0.16,-0.11,-0.08,-0.05,-0.09,-0.12,-0.09,-0.02,0.06,0.06,0.02,-0.03,-0.04,0.00,0.02,-0.06,-0.26,-0.34,-0.12,0.60,1.32,1.55,1.48,1.22,0.87,0.33,-0.47,-1.23,-1.47,
Segment 5,1.59,1.19,-0.12,-1.10,-1.09,-0.99,-1.03,-1.04,-1.05,-1.00,-0.92,-0.88,-0.73,-0.64,-0.53,-0.49,-0.41,-0.35,-0.21,-0.07,-0.09,-0.07,-0.01,0.38,1.10,1.78,1.97,1.39,0.69,0.33,0.26,0.29,0.21,0.17,0.09,0.08,0.06,0.06,0.08,0.06,0.04,0.04,0.02,-0.00,-0.03,-0.04,-0.05,-0.04,-0.04,0.03,0.24,0.65,1.01,1.02,0.79,0.40,-0.04,-0.65,-1.01,-0.49,-0.03,
Segment 6,1.36,0.15,-0.80,-0.56,-0.59,-0.65,-0.74,-0.79,-0.89,-0.92,-0.80,-0.63,-0.63,-0.74,-0.77,-0.70,-0.54,-0.32,-0.20,-0.24,-0.26,-0.28,0.04,0.83,1.44,1.55,1.37,0.85,0.37,0.43,0.54,0.39,0.20,0.02,-0.14,-0.23,-0.23,-0.15,-0.07,-0.06,-0.09,-0.11,-0.10,-0.08,-0.06,-0.05,-0.03,-0.06,-0.10,-0.08,0.04,0.49,1.40,1.95,1.56,0.95,0.44,-0.08,-0.83,-0.87,-0.39,
Segment 7,0.55,-0.15,-0.88,-0.74,-0.54,-0.65,-0.79,-0.82,-0.81,-0.74,-0.70,-0.66,-0.69,-0.71,-0.62,-0.49,-0.33,-0.19,-0.05,0.05,-0.02,-0.30,-0.44,-0.09,1.05,2.12,2.32,1.52,0.46,0.07,-0.07,-0.03,0.01,0.06,0.19,0.19,0.13,-0.01,-0.03,-0.01,0.02,0.07,0.04,0.05,0.04,0.07,0.06,0.04,-0.02,-0.03,0.09,0.34,0.61,0.74,0.69,0.48,0.19,-0.30,-0.58,0.14,0.81,
Segment 8,1.17,0.14,-1.43,-1.66,-0.87,-0.43,-0.62,-0.92,-1.00,-0.87,-0.70,-0.58,-0.49,-0.41,-0.34,-0.27,-0.19,-0.04,0.16,0.33,0.47,0.58,0.69,0.64,0.24,-0.15,-0.10,0.48,1.01,1.03,0.61,0.15,-0.04,-0.07,-0.06,-0.04,-0.00,0.05,0.07,0.05,0.03,0.04,0.06,0.09,0.10,0.11,0.09,0.07,-0.03,-0.03,0.16,0.66,1.13,1.24,0.91,0.42,-0.04,-0.53,-0.70,-0.06,0.60,
Segment 9,-0.35,-0.07,-0.29,-0.95,-1.01,-0.83,-0.70,-0.60,-0.60,-0.67,-0.58,-0.41,-0.32,-0.27,-0.23,-0.23,-0.13,0.05,0.20,0.28,0.23,-0.02,0.02,0.69,1.28,1.15,0.82,0.71,0.57,0.19,-0.08,0.01,0.10,0.10,0.07,0.06,0.06,0.07,0.10,0.07,0.02,0.01,0.03,0.05,0.07,0.08,0.07,0.09,0.13,-0.00,-0.24,-0.01,0.85,1.37,0.83,0.09,-0.24,-0.40,-0.43,-0.60,-0.79,
Segment 10,0.97,0.62,-0.81,-1.29,-0.90,-0.92,-0.74,-0.61,-0.44,-0.51,-0.61,-0.58,-0.59,-0.57,-0.49,-0.39,-0.26,-0.10,0.17,0.39,0.50,0.53,0.63,1.01,1.44,1.74,1.57,0.80,0.01,-0.32,-0.12,0.15,0.22,0.12,0.02,0.01,0.04,0.10,0.11,0.11,0.10,0.08,0.08,0.07,0.07,0.05,0.04,0.03,0.04,0.04,0.08,-0.25,-0.54,-0.45,0.01,0.38,0.25,-0.24,-0.43,-0.00,0.18,
Segment 11,0.65,0.13,-0.86,-1.17,-0.88,-0.79,-0.85,-0.94,-0.90,-0.79,-0.68,-0.57,-0.54,-0.50,-0.41,-0.27,-0.15,-0.02,0.03,0.11,0.26,0.49,0.73,0.95,1.06,1.06,0.91,0.52,0.13,-0.03,0.10,0.27,0.32,0.22,0.11,0.06,0.06,0.07,0.08,0.08,0.08,0.08,0.08,0.08,0.07,0.07,0.07,0.07,0.04,0.04,0.19,0.38,0.53,0.56,0.41,0.18,-0.09,-0.29,-0.35,-0.04,0.27,
Segment 12,0.04,-0.47,-0.95,-0.91,-0.86,-0.80,-0.73,-0.65,-0.62,-0.61,-0.52,-0.40,-0.34,-0.31,-0.23,-0.12,-0.03,0.02,0.05,0.07,0.04,0.02,0.12,0.39,0.74,0.91,0.89,0.77,0.54,0.17,-0.09,0.06,0.26,0.23,0.15,0.10,0.07,0.08,0.11,0.10,0.09,0.08,0.07,0.08,0.10,0.09,0.06,0.05,0.07,0.11,0.16,0.22,0.19,0.16,0.30,0.36,0.29,0.15,-0.12,0.03,0.35,
Segment 13,-1.63,-1.46,0.37,0.61,-1.09,-1.57,-1.43,-1.04,-0.94,-0.92,-0.93,-0.92,-0.87,-0.76,-0.62,-0.41,-0.21,-0.00,0.08,0.17,0.20,0.32,0.49,0.75,1.13,1.47,1.82,1.94,1.91,1.61,0.99,0.32,-0.22,-0.72,-1.03,-0.98,-0.55,-0.13,0.07,0.06,-0.01,0.02,0.01,0.02,0.04,0.08,0.10,0.09,-0.00,-0.02,0.05,0.36,0.64,0.75,0.64,0.45,0.25,0.22,0.12,-0.29,-0.37,
Segment 14,2.01,1.12,-2.01,-2.85,-1.16,-0.61,-0.64,-0.97,-1.14,-1.06,-0.86,-0.78,-0.70,-0.64,-0.51,-0.33,-0.13,0.03,-0.00,-0.07,0.04,-0.04,-0.14,-0.06,0.11,0.43,0.92,1.35,1.57,1.42,0.92,0.36,-0.06,-0.07,0.06,0.14,0.09,0.01,-0.03,-0.00,0.04,0.06,0.09,0.11,0.13,0.13,0.11,0.07,0.01,0.03,0.27,0.76,1.21,1.29,1.16,0.76,0.22,-0.63,-0.96,0.03,0.72,
Segment 15,-1.71,-0.14,0.45,-0.76,-0.97,-0.81,-0.65,-0.60,-0.55,-0.53,-0.59,-0.67,-0.66,-0.58,-0.51,-0.40,-0.28,-0.18,-0.11,-0.13,-0.14,-0.07,0.07,0.18,0.52,1.27,1.90,1.74,1.27,1.04,0.64,0.22,-0.02,-0.13,-0.09,-0.05,-0.01,0.02,0.02,-0.00,-0.02,-0.01,0.00,0.02,0.03,0.04,0.04,0.02,-0.00,-0.01,0.06,0.26,0.63,0.79,0.44,0.04,-0.19,-0.31,-0.01,-0.27,-0.84,
Segment 16,0.45,0.05,-0.62,-0.78,-0.85,-0.97,-1.07,-1.15,-1.11,-1.05,-0.94,-0.87,-0.76,-0.64,-0.50,-0.35,-0.20,-0.03,0.04,0.04,0.10,0.07,0.08,0.31,0.43,0.58,0.90,1.25,1.46,1.20,0.69,0.14,-0.22,-0.17,-0.02,0.01,-0.03,-0.03,0.02,0.04,0.03,0.03,0.04,0.04,0.06,0.05,0.05,0.03,-0.07,-0.09,0.16,0.76,1.34,1.45,1.00,0.37,-0.04,-0.37,-0.38,0.09,0.42,
Segment 17,0.74,0.10,-1.70,-1.93,-0.77,-0.45,-0.61,-0.94,-1.00,-0.88,-0.68,-0.54,-0.49,-0.45,-0.32,-0.18,-0.04,0.08,0.08,0.08,0.13,0.19,0.22,0.28,0.38,0.53,0.74,0.99,1.13,0.98,0.49,-0.01,-0.21,-0.12,0.09,0.17,0.16,0.10,0.06,0.05,0.06,0.07,0.09,0.10,0.11,0.10,0.08,0.06,-0.00,0.01,0.22,0.57,0.89,0.96,0.68,0.26,-0.11,-0.33,-0.30,0.16,0.56,
Segment 18,0.59,-0.13,-0.80,-0.82,-0.77,-0.66,-0.67,-0.72,-0.80,-0.85,-0.88,-0.89,-0.83,-0.76,-0.65,-0.48,-0.28,-0.05,0.07,0.04,0.04,0.19,0.26,0.18,0.40,1.18,1.84,1.77,1.34,0.83,0.23,-0.22,-0.44,-0.38,-0.17,-0.00,0.10,0.09,0.02,-0.01,0.01,0.03,0.06,0.06,0.06,0.05,0.06,0.07,0.08,0.09,0.12,0.23,0.48,0.51,0.19,-0.03,0.03,0.14,0.20,0.54,0.85,

----------------------------------------------------------


Curves LvApical
==========================================================
Longitudinal Strain Rate Mid
Unit [1/s]
Time [ms],0.00,19.75,39.49,59.24,78.98,98.73,118.48,138.22,157.97,177.72,197.46,217.21,236.95,256.70,276.45,296.19,315.94,335.68,355.43,375.18,394.92,414.67,434.41,454.16,473.91,493.65,513.40,533.15,552.89,572.64,592.38,612.13,631.88,651.62,671.37,691.11,710.86,730.61,750.35,770.10,789.85,809.59,829.34,849.08,868.83,888.58,908.32,928.07,947.81,967.56,987.31,1007.05,1026.80,1046.55,1066.29,1086.04,1105.78,1125.53,1145.28,1165.02,1184.77,
Segment 1,0.28,-0.27,-0.68,-0.56,-0.69,-0.75,-0.72,-0.71,-0.68,-0.66,-0.58,-0.44,-0.29,-0.16,-0.12,-0.12,-0.13,-0.13,-0.05,-0.01,0.05,-0.01,-0.10,0.14,0.35,0.66,0.89,0.79,0.64,0.53,0.55,0.54,0.49,0.15,-0.25,-0.31,-0.28,-0.14,-0.14,-0.05,0.03,-0.01,-0.01,-0.06,-0.05,-0.03,-0.00,-0.05,-0.13,-0.17,0.08,0.40,0.74,0.96,1.03,0.92,0.50,-0.32,-0.74,-0.15,0.27,
Segment 2,1.47,1.00,-0.96,-1.48,-0.49,-0.34,-0.39,-0.58,-0.63,-0.66,-0.65,-0.53,-0.42,-0.31,-0.19,-0.18,-0.16,-0.08,-0.01,0.04,0.01,-0.17,-0.27,-0.10,0.54,1.17,1.15,0.60,-0.02,-0.13,-0.00,0.19,0.27,0.19,0.11,0.02,0.02,0.01,0.02,0.02,0.03,0.02,0.03,0.03,0.03,0.04,0.05,0.02,0.03,0.04,0.19,0.41,0.58,0.61,0.40,0.13,-0.10,-0.35,-0.31,0.38,0.83,
Segment 3,-2.06,-0.65,0.24,-0.29,-0.37,-0.41,-0.36,-0.32,-0.38,-0.41,-0.41,-0.40,-0.35,-0.31,-0.26,-0.21,-0.18,-0.18,-0.19,-0.17,-0.13,-0.07,0.22,0.55,0.56,0.37,0.05,0.21,0.53,0.07,-0.26,-0.33,-0.41,-0.18,-0.06,-0.05,-0.06,-0.15,-0.23,-0.23,-0.19,-0.16,-0.14,-0.12,-0.10,-0.08,-0.06,-0.05,-0.09,-0.08,-0.12,0.04,0.59,0.98,1.18,1.16,0.67,0.45,1.13,1.03,0.35,
Segment 4,-1.59,-1.14,1.23,1.50,-0.19,-0.56,-0.53,-0.23,-0.22,-0.20,-0.25,-0.25,-0.28,-0.30,-0.30,-0.31,-0.30,-0.35,-0.39,-0.48,-0.47,-0.57,-0.63,-0.30,0.36,1.10,1.35,0.78,0.03,-0.26,-0.28,-0.20,-0.14,-0.08,-0.05,-0.02,-0.07,-0.11,-0.09,-0.02,0.06,0.06,0.01,-0.03,-0.04,0.00,0.02,-0.05,-0.24,-0.33,-0.12,0.58,1.27,1.49,1.42,1.17,0.82,0.27,-0.51,-1.17,-1.35,
Segment 5,1.48,1.14,-0.02,-0.96,-1.01,-0.93,-0.97,-0.98,-0.99,-0.94,-0.87,-0.83,-0.70,-0.62,-0.52,-0.48,-0.40,-0.36,-0.26,-0.17,-0.21,-0.23,-0.18,0.22,0.99,1.71,1.92,1.36,0.68,0.33,0.28,0.31,0.23,0.18,0.09,0.07,0.05,0.05,0.06,0.05,0.04,0.04,0.01,-0.01,-0.03,-0.05,-0.05,-0.04,-0.04,0.04,0.27,0.70,1.06,1.05,0.80,0.40,-0.02,-0.59,-0.92,-0.48,-0.07,
Segment 6,1.33,0.18,-0.72,-0.51,-0.54,-0.61,-0.70,-0.77,-0.86,-0.88,-0.76,-0.60,-0.60,-0.71,-0.74,-0.66,-0.51,-0.30,-0.20,-0.25,-0.27,-0.28,0.05,0.84,1.41,1.45,1.24,0.75,0.31,0.39,0.51,0.38,0.21,0.03,-0.14,-0.22,-0.22,-0.14,-0.06,-0.05,-0.08,-0.11,-0.10,-0.08,-0.07,-0.05,-0.04,-0.06,-0.10,-0.08,0.06,0.49,1.35,1.86,1.50,0.90,0.42,-0.09,-0.82,-0.85,-0.39,
Segment 7,0.51,-0.16,-0.81,-0.63,-0.45,-0.57,-0.73,-0.78,-0.78,-0.70,-0.65,-0.61,-0.63,-0.65,-0.57,-0.44,-0.30,-0.17,-0.04,0.06,-0.00,-0.28,-0.41,-0.10,0.95,1.94,2.12,1.37,0.37,0.02,-0.08,-0.02,0.02,0.10,0.25,0.24,0.17,-0.00,-0.03,-0.01,0.01,0.07,0.05,0.06,0.05,0.07,0.06,0.04,-0.02,-0.02,0.09,0.32,0.55,0.65,0.58,0.38,0.12,-0.32,-0.56,0.16,0.82,
Segment 8,1.04,0.10,-1.23,-1.39,-0.73,-0.34,-0.52,-0.80,-0.89,-0.77,-0.63,-0.52,-0.43,-0.36,-0.30,-0.24,-0.17,-0.04,0.15,0.31,0.44,0.52,0.62,0.55,0.14,-0.26,-0.22,0.35,0.89,0.93,0.58,0.19,0.01,-0.04,-0.06,-0.05,-0.01,0.05,0.07,0.06,0.04,0.05,0.06,0.08,0.09,0.10,0.10,0.07,-0.03,-0.05,0.12,0.57,0.99,1.08,0.78,0.34,-0.06,-0.48,-0.61,-0.00,0.61,
Segment 9,-0.24,-0.02,-0.25,-0.86,-0.91,-0.74,-0.62,-0.54,-0.54,-0.61,-0.54,-0.38,-0.31,-0.26,-0.23,-0.22,-0.12,0.05,0.19,0.28,0.23,0.00,0.05,0.70,1.23,1.02,0.64,0.54,0.44,0.12,-0.09,0.02,0.13,0.12,0.07,0.07,0.06,0.08,0.11,0.08,0.03,0.02,0.04,0.05,0.07,0.08,0.08,0.09,0.13,0.01,-0.23,-0.02,0.75,1.23,0.72,0.03,-0.26,-0.39,-0.42,-0.54,-0.68,
Segment 10,1.05,0.68,-0.76,-1.21,-0.78,-0.78,-0.62,-0.51,-0.35,-0.42,-0.52,-0.50,-0.51,-0.49,-0.42,-0.32,-0.20,-0.06,0.18,0.39,0.49,0.53,0.62,0.94,1.27,1.48,1.31,0.60,-0.10,-0.37,-0.14,0.16,0.24,0.15,0.05,0.03,0.06,0.11,0.11,0.10,0.09,0.07,0.07,0.06,0.06,0.05,0.03,0.03,0.05,0.06,0.07,-0.31,-0.65,-0.57,-0.09,0.31,0.20,-0.28,-0.46,0.06,0.31,
Segment 11,0.58,0.13,-0.69,-0.96,-0.74,-0.68,-0.75,-0.82,-0.78,-0.68,-0.58,-0.48,-0.47,-0.45,-0.37,-0.24,-0.13,-0.04,-0.02,0.02,0.14,0.34,0.57,0.79,0.91,0.93,0.79,0.40,0.03,-0.10,0.09,0.31,0.38,0.26,0.12,0.05,0.05,0.07,0.08,0.08,0.07,0.08,0.07,0.07,0.07,0.06,0.07,0.07,0.04,0.04,0.18,0.35,0.48,0.49,0.35,0.15,-0.09,-0.24,-0.28,-0.00,0.27,
Segment 12,-0.02,-0.41,-0.79,-0.79,-0.76,-0.71,-0.65,-0.58,-0.55,-0.52,-0.42,-0.30,-0.24,-0.21,-0.13,-0.02,0.05,0.07,0.07,0.07,0.04,0.01,0.10,0.33,0.60,0.70,0.65,0.56,0.39,0.07,-0.14,0.06,0.29,0.27,0.18,0.12,0.08,0.10,0.12,0.12,0.09,0.08,0.07,0.08,0.09,0.08,0.05,0.04,0.07,0.11,0.16,0.19,0.09,0.02,0.19,0.29,0.24,0.13,-0.10,0.04,0.32,
Segment 13,-1.85,-1.47,0.60,0.86,-0.87,-1.36,-1.24,-0.88,-0.79,-0.78,-0.80,-0.81,-0.76,-0.68,-0.56,-0.38,-0.21,-0.02,0.08,0.19,0.22,0.33,0.49,0.73,1.07,1.36,1.65,1.76,1.73,1.46,0.86,0.23,-0.26,-0.71,-0.98,-0.94,-0.53,-0.12,0.06,0.05,-0.01,0.02,0.02,0.02,0.04,0.07,0.08,0.08,0.00,-0.01,0.03,0.24,0.42,0.50,0.41,0.28,0.18,0.31,0.28,-0.34,-0.62,
Segment 14,1.54,0.86,-1.64,-2.30,-0.87,-0.41,-0.44,-0.74,-0.90,-0.87,-0.74,-0.68,-0.62,-0.58,-0.47,-0.32,-0.15,0.01,0.06,0.08,0.20,0.16,0.07,0.09,0.17,0.40,0.80,1.20,1.43,1.28,0.78,0.22,-0.15,-0.13,0.04,0.12,0.08,0.01,-0.03,-0.01,0.03,0.04,0.07,0.09,0.11,0.10,0.09,0.05,-0.00,0.00,0.16,0.48,0.79,0.86,0.82,0.58,0.17,-0.53,-0.84,-0.05,0.50,
Segment 15,-1.50,-0.15,0.37,-0.66,-0.82,-0.68,-0.51,-0.45,-0.41,-0.43,-0.50,-0.59,-0.60,-0.55,-0.50,-0.41,-0.31,-0.21,-0.13,-0.12,-0.11,-0.06,0.02,0.07,0.37,1.17,1.82,1.70,1.28,1.01,0.61,0.22,-0.02,-0.12,-0.09,-0.05,-0.02,0.00,0.00,-0.01,-0.01,0.00,0.02,0.04,0.05,0.05,0.05,0.04,0.01,-0.01,0.04,0.19,0.48,0.60,0.27,-0.06,-0.19,-0.26,-0.03,-0.27,-0.74,
Segment 16,0.58,0.24,-0.49,-0.71,-0.66,-0.73,-0.82,-0.92,-0.90,-0.86,-0.80,-0.75,-0.67,-0.57,-0.46,-0.34,-0.21,-0.07,-0.00,0.00,0.03,-0.02,-0.03,0.16,0.34,0.54,0.81,1.11,1.28,1.06,0.58,0.07,-0.24,-0.17,-0.02,0.02,-0.02,-0.02,0.02,0.04,0.03,0.03,0.03,0.03,0.03,0.03,0.03,0.01,-0.07,-0.09,0.12,0.65,1.14,1.22,0.82,0.28,-0.06,-0.34,-0.34,0.11,0.43,
Segment 17,0.43,-0.01,-1.35,-1.47,-0.54,-0.30,-0.45,-0.72,-0.77,-0.64,-0.47,-0.36,-0.34,-0.32,-0.22,-0.11,0.00,0.09,0.09,0.09,0.12,0.19,0.22,0.26,0.27,0.33,0.49,0.74,0.91,0.79,0.35,-0.11,-0.27,-0.14,0.07,0.16,0.15,0.09,0.06,0.04,0.04,0.05,0.07,0.08,0.09,0.08,0.05,0.04,-0.01,0.00,0.17,0.43,0.67,0.71,0.49,0.17,-0.11,-0.24,-0.20,0.10,0.37,
Segment 18,0.51,-0.05,-0.56,-0.57,-0.54,-0.47,-0.51,-0.57,-0.65,-0.68,-0.70,-0.70,-0.64,-0.57,-0.48,-0.36,-0.19,0.00,0.10,0.06,0.06,0.18,0.18,-0.01,0.13,0.91,1.57,1.52,1.14,0.69,0.17,-0.23,-0.43,-0.35,-0.14,0.02,0.11,0.09,0.01,-0.02,-0.00,0.02,0.04,0.05,0.04,0.04,0.04,0.05,0.06,0.07,0.08,0.15,0.31,0.30,0.02,-0.14,-0.02,0.14,0.18,0.46,0.72,

----------------------------------------------------------


Curves LvApical
==========================================================
Global Strain A2C Endo
Unit [%]
Time [ms],0.00,19.75,39.49,59.24,78.98,98.73,118.48,138.22,157.97,177.72,197.46,217.21,236.95,256.70,276.45,296.19,315.94,335.68,355.43,375.18,394.92,414.67,434.41,454.16,473.91,493.65,513.40,533.15,552.89,572.64,592.38,612.13,631.88,651.62,671.37,691.11,710.86,730.61,750.35,770.10,789.85,809.59,829.34,849.08,868.83,888.58,908.32,928.07,947.81,967.56,987.31,1007.05,1026.80,1046.55,1066.29,1086.04,1105.78,1125.53,1145.28,1165.02,1184.77,
Total,0.00,-0.47,-1.44,-1.46,-2.52,-4.18,-6.04,-7.68,-9.14,-10.51,-11.88,-13.18,-14.38,-15.51,-16.48,-17.30,-17.88,-18.26,-18.44,-18.44,-18.35,-18.25,-18.33,-18.11,-17.02,-14.90,-11.98,-9.15,-7.25,-6.00,-5.24,-4.78,-4.63,-4.72,-5.07,-5.47,-5.82,-5.99,-6.07,-6.05,-5.99,-5.91,-5.84,-5.80,-5.78,-5.73,-5.64,-5.58,-5.62,-5.84,-5.93,-5.53,-4.45,-2.88,-1.20,0.28,1.29,1.56,0.94,0.16,0.00,

----------------------------------------------------------


Curves LvApical
==========================================================
Global Strain A2C Mid
Unit [%]
Time [ms],0.00,19.75,39.49,59.24,78.98,98.73,118.48,138.22,157.97,177.72,197.46,217.21,236.95,256.70,276.45,296.19,315.94,335.68,355.43,375.18,394.92,414.67,434.41,454.16,473.91,493.65,513.40,533.15,552.89,572.64,592.38,612.13,631.88,651.62,671.37,691.11,710.86,730.61,750.35,770.10,789.85,809.59,829.34,849.08,868.83,888.58,908.32,928.07,947.81,967.56,987.31,1007.05,1026.80,1046.55,1066.29,1086.04,1105.78,1125.53,1145.28,1165.02,1184.77,
Total,0.00,-0.46,-1.25,-1.09,-1.92,-3.32,-4.95,-6.37,-7.66,-8.87,-10.09,-11.26,-12.33,-13.34,-14.20,-14.92,-15.44,-15.80,-15.95,-15.95,-15.87,-15.77,-15.83,-15.63,-14.69,-12.84,-10.29,-7.80,-6.12,-5.00,-4.31,-3.90,-3.76,-3.84,-4.15,-4.50,-4.81,-4.97,-5.03,-5.02,-4.96,-4.89,-4.82,-4.79,-4.77,-4.73,-4.65,-4.61,-4.65,-4.84,-4.92,-4.59,-3.66,-2.33,-0.90,0.36,1.20,1.42,0.86,0.17,0.00,

----------------------------------------------------------


Curves LvApical
==========================================================
Global Strain Rate A2C Endo
Unit [1/s]
Time [ms],0.00,19.75,39.49,59.24,78.98,98.73,118.48,138.22,157.97,177.72,197.46,217.21,236.95,256.70,276.45,296.19,315.94,335.68,355.43,375.18,394.92,414.67,434.41,454.16,473.91,493.65,513.40,533.15,552.89,572.64,592.38,612.13,631.88,651.62,671.37,691.11,710.86,730.61,750.35,770.10,789.85,809.59,829.34,849.08,868.83,888.58,908.32,928.07,947.81,967.56,987.31,1007.05,1026.80,1046.55,1066.29,1086.04,1105.78,1125.53,1145.28,1165.02,1184.77,
Total,-0.18,-0.41,-0.23,-0.20,-0.73,-0.93,-0.90,-0.78,-0.71,-0.69,-0.68,-0.63,-0.59,-0.53,-0.45,-0.36,-0.24,-0.14,-0.04,0.03,0.06,-0.01,-0.01,0.30,0.82,1.32,1.53,1.22,0.78,0.49,0.30,0.15,0.01,-0.12,-0.20,-0.20,-0.14,-0.06,-0.01,0.02,0.04,0.04,0.03,0.01,0.02,0.04,0.04,0.01,-0.08,-0.10,0.06,0.37,0.69,0.85,0.82,0.65,0.34,-0.11,-0.42,-0.24,-0.02,

----------------------------------------------------------


Curves LvApical
==========================================================
Global Strain Rate A2C Mid
Unit [1/s]
Time [ms],0.00,19.75,39.49,59.24,78.98,98.73,118.48,138.22,157.97,177.72,197.46,217.21,236.95,256.70,276.45,296.19,315.94,335.68,355.43,375.18,394.92,414.67,434.41,454.16,473.91,493.65,513.40,533.15,552.89,572.64,592.38,612.13,631.88,651.62,671.37,691.11,710.86,730.61,750.35,770.10,789.85,809.59,829.34,849.08,868.83,888.58,908.32,928.07,947.81,967.56,987.31,1007.05,1026.80,1046.55,1066.29,1086.04,1105.78,1125.53,1145.28,1165.02,1184.77,
Total,-0.20,-0.37,-0.13,-0.10,-0.60,-0.80,-0.79,-0.68,-0.63,-0.61,-0.61,-0.57,-0.53,-0.48,-0.40,-0.32,-0.22,-0.13,-0.03,0.03,0.06,0.00,-0.00,0.26,0.71,1.15,1.34,1.08,0.69,0.45,0.27,0.14,0.01,-0.11,-0.18,-0.17,-0.12,-0.05,-0.01,0.02,0.03,0.04,0.03,0.01,0.01,0.03,0.04,0.01,-0.07,-0.09,0.05,0.32,0.59,0.72,0.70,0.55,0.29,-0.11,-0.37,-0.22,-0.04,

----------------------------------------------------------


Curves LvApical
==========================================================
Global Strain A3C Endo
Unit [%]
Time [ms],0.00,19.75,39.49,59.24,78.98,98.73,118.48,138.22,157.97,177.72,197.46,217.21,236.95,256.70,276.45,296.19,315.94,335.68,355.43,375.18,394.92,414.67,434.41,454.16,473.91,493.65,513.40,533.15,552.89,572.64,592.38,612.13,631.88,651.62,671.37,691.11,710.86,730.61,750.35,770.10,789.85,809.59,829.34,849.08,868.83,888.58,908.32,928.07,947.81,967.56,987.31,1007.05,1026.80,1046.55,1066.29,1086.04,1105.78,1125.53,1145.28,1165.02,1184.77,
Total,0.00,2.02,1.71,-1.89,-4.19,-5.66,-6.90,-8.59,-10.47,-12.35,-13.96,-15.38,-16.57,-17.65,-18.55,-19.21,-19.70,-19.93,-19.99,-19.92,-19.73,-19.41,-19.06,-18.49,-17.54,-16.05,-14.20,-12.27,-10.63,-9.29,-8.31,-7.75,-7.49,-7.39,-7.25,-7.11,-6.95,-6.84,-6.74,-6.65,-6.56,-6.46,-6.34,-6.21,-6.08,-5.95,-5.83,-5.73,-5.68,-5.68,-5.48,-4.72,-3.22,-1.31,0.39,1.47,1.78,1.34,0.16,-0.63,0.00,

----------------------------------------------------------


Curves LvApical
==========================================================
Global Strain A3C Mid
Unit [%]
Time [ms],0.00,19.75,39.49,59.24,78.98,98.73,118.48,138.22,157.97,177.72,197.46,217.21,236.95,256.70,276.45,296.19,315.94,335.68,355.43,375.18,394.92,414.67,434.41,454.16,473.91,493.65,513.40,533.15,552.89,572.64,592.38,612.13,631.88,651.62,671.37,691.11,710.86,730.61,750.35,770.10,789.85,809.59,829.34,849.08,868.83,888.58,908.32,928.07,947.81,967.56,987.31,1007.05,1026.80,1046.55,1066.29,1086.04,1105.78,1125.53,1145.28,1165.02,1184.77,
Total,0.00,1.71,1.47,-1.52,-3.41,-4.61,-5.62,-7.03,-8.63,-10.24,-11.62,-12.84,-13.87,-14.81,-15.60,-16.19,-16.63,-16.84,-16.90,-16.85,-16.70,-16.44,-16.18,-15.73,-14.95,-13.70,-12.12,-10.46,-9.02,-7.83,-6.96,-6.46,-6.22,-6.13,-6.00,-5.87,-5.72,-5.62,-5.52,-5.44,-5.36,-5.27,-5.17,-5.07,-4.95,-4.84,-4.74,-4.65,-4.61,-4.62,-4.46,-3.82,-2.55,-0.96,0.45,1.35,1.59,1.19,0.16,-0.53,0.00,

----------------------------------------------------------


Curves LvApical
==========================================================
Global Strain Rate A3C Endo
Unit [1/s]
Time [ms],0.00,19.75,39.49,59.24,78.98,98.73,118.48,138.22,157.97,177.72,197.46,217.21,236.95,256.70,276.45,296.19,315.94,335.68,355.43,375.18,394.92,414.67,434.41,454.16,473.91,493.65,513.40,533.15,552.89,572.64,592.38,612.13,631.88,651.62,671.37,691.11,710.86,730.61,750.35,770.10,789.85,809.59,829.34,849.08,868.83,888.58,908.32,928.07,947.81,967.56,987.31,1007.05,1026.80,1046.55,1066.29,1086.04,1105.78,1125.53,1145.28,1165.02,1184.77,
Total,1.21,0.58,-1.15,-1.67,-0.89,-0.64,-0.72,-0.92,-0.97,-0.89,-0.76,-0.66,-0.58,-0.50,-0.39,-0.29,-0.18,-0.07,0.00,0.06,0.14,0.17,0.22,0.37,0.62,0.86,0.98,0.92,0.76,0.59,0.39,0.20,0.08,0.05,0.07,0.08,0.07,0.05,0.05,0.05,0.05,0.05,0.06,0.07,0.07,0.06,0.06,0.04,0.00,0.02,0.22,0.58,0.90,0.95,0.73,0.36,-0.03,-0.46,-0.60,-0.02,0.45,

----------------------------------------------------------


Curves LvApical
==========================================================
Global Strain Rate A3C Mid
Unit [1/s]
Time [ms],0.00,19.75,39.49,59.24,78.98,98.73,118.48,138.22,157.97,177.72,197.46,217.21,236.95,256.70,276.45,296.19,315.94,335.68,355.43,375.18,394.92,414.67,434.41,454.16,473.91,493.65,513.40,533.15,552.89,572.64,592.38,612.13,631.88,651.62,671.37,691.11,710.86,730.61,750.35,770.10,789.85,809.59,829.34,849.08,868.83,888.58,908.32,928.07,947.81,967.56,987.31,1007.05,1026.80,1046.55,1066.29,1086.04,1105.78,1125.53,1145.28,1165.02,1184.77,
Total,1.02,0.50,-0.95,-1.39,-0.73,-0.51,-0.60,-0.78,-0.83,-0.76,-0.65,-0.57,-0.50,-0.44,-0.35,-0.26,-0.16,-0.06,-0.00,0.05,0.11,0.13,0.17,0.30,0.51,0.73,0.85,0.80,0.67,0.53,0.35,0.18,0.07,0.05,0.07,0.07,0.06,0.05,0.04,0.04,0.04,0.05,0.05,0.06,0.06,0.05,0.05,0.03,-0.00,0.02,0.18,0.49,0.76,0.80,0.60,0.29,-0.04,-0.40,-0.52,-0.03,0.38,

----------------------------------------------------------


Curves LvApical
==========================================================
Global Strain A4C Endo
Unit [%]
Time [ms],0.00,19.75,39.49,59.24,78.98,98.73,118.48,138.22,157.97,177.72,197.46,217.21,236.95,256.70,276.45,296.19,315.94,335.68,355.43,375.18,394.92,414.67,434.41,454.16,473.91,493.65,513.40,533.15,552.89,572.64,592.38,612.13,631.88,651.62,671.37,691.11,710.86,730.61,750.35,770.10,789.85,809.59,829.34,849.08,868.83,888.58,908.32,928.07,947.81,967.56,987.31,1007.05,1026.80,1046.55,1066.29,1086.04,1105.78,1125.53,1145.28,1165.02,1184.77,
Total,0.00,-0.53,-0.99,-2.16,-3.68,-5.11,-6.43,-7.68,-8.93,-10.27,-11.58,-12.80,-13.88,-14.92,-15.88,-16.71,-17.32,-17.68,-17.81,-17.86,-17.93,-18.00,-17.98,-17.40,-16.12,-14.19,-11.89,-9.64,-7.85,-6.56,-5.99,-5.80,-5.86,-5.99,-6.08,-6.17,-6.21,-6.23,-6.25,-6.28,-6.34,-6.40,-6.44,-6.45,-6.44,-6.40,-6.35,-6.31,-6.28,-6.26,-6.25,-6.11,-5.25,-3.47,-1.70,-0.56,0.05,0.19,0.12,0.11,0.00,

----------------------------------------------------------


Curves LvApical
==========================================================
Global Strain A4C Mid
Unit [%]
Time [ms],0.00,19.75,39.49,59.24,78.98,98.73,118.48,138.22,157.97,177.72,197.46,217.21,236.95,256.70,276.45,296.19,315.94,335.68,355.43,375.18,394.92,414.67,434.41,454.16,473.91,493.65,513.40,533.15,552.89,572.64,592.38,612.13,631.88,651.62,671.37,691.11,710.86,730.61,750.35,770.10,789.85,809.59,829.34,849.08,868.83,888.58,908.32,928.07,947.81,967.56,987.31,1007.05,1026.80,1046.55,1066.29,1086.04,1105.78,1125.53,1145.28,1165.02,1184.77,
Total,0.00,-0.47,-0.78,-1.73,-3.01,-4.22,-5.35,-6.44,-7.52,-8.69,-9.85,-10.91,-11.87,-12.78,-13.63,-14.35,-14.90,-15.21,-15.31,-15.35,-15.42,-15.48,-15.46,-14.96,-13.87,-12.23,-10.23,-8.26,-6.67,-5.52,-5.02,-4.86,-4.90,-4.99,-5.06,-5.12,-5.13,-5.14,-5.15,-5.17,-5.22,-5.27,-5.30,-5.31,-5.29,-5.26,-5.22,-5.18,-5.16,-5.14,-5.13,-5.02,-4.30,-2.81,-1.34,-0.42,0.05,0.17,0.11,0.09,0.00,

----------------------------------------------------------


Curves LvApical
==========================================================
Global Strain Rate A4C Endo
Unit [1/s]
Time [ms],0.00,19.75,39.49,59.24,78.98,98.73,118.48,138.22,157.97,177.72,197.46,217.21,236.95,256.70,276.45,296.19,315.94,335.68,355.43,375.18,394.92,414.67,434.41,454.16,473.91,493.65,513.40,533.15,552.89,572.64,592.38,612.13,631.88,651.62,671.37,691.11,710.86,730.61,750.35,770.10,789.85,809.59,829.34,849.08,868.83,888.58,908.32,928.07,947.81,967.56,987.31,1007.05,1026.80,1046.55,1066.29,1086.04,1105.78,1125.53,1145.28,1165.02,1184.77,
Total,-0.28,-0.22,-0.40,-0.72,-0.76,-0.69,-0.65,-0.63,-0.65,-0.68,-0.65,-0.58,-0.53,-0.51,-0.46,-0.37,-0.25,-0.11,-0.03,-0.03,-0.04,-0.04,0.13,0.47,0.83,1.10,1.19,1.04,0.79,0.47,0.17,0.02,-0.06,-0.06,-0.05,-0.03,-0.01,-0.01,-0.01,-0.02,-0.03,-0.03,-0.01,0.00,0.01,0.02,0.02,0.02,0.01,0.00,0.01,0.22,0.70,0.97,0.76,0.43,0.18,-0.00,-0.03,-0.03,-0.06,

----------------------------------------------------------


Curves LvApical
==========================================================
Global Strain Rate A4C Mid
Unit [1/s]
Time [ms],0.00,19.75,39.49,59.24,78.98,98.73,118.48,138.22,157.97,177.72,197.46,217.21,236.95,256.70,276.45,296.19,315.94,335.68,355.43,375.18,394.92,414.67,434.41,454.16,473.91,493.65,513.40,533.15,552.89,572.64,592.38,612.13,631.88,651.62,671.37,691.11,710.86,730.61,750.35,770.10,789.85,809.59,829.34,849.08,868.83,888.58,908.32,928.07,947.81,967.56,987.31,1007.05,1026.80,1046.55,1066.29,1086.04,1105.78,1125.53,1145.28,1165.02,1184.77,
Total,-0.26,-0.17,-0.30,-0.60,-0.65,-0.59,-0.56,-0.54,-0.57,-0.60,-0.57,-0.51,-0.47,-0.45,-0.40,-0.33,-0.22,-0.10,-0.03,-0.03,-0.04,-0.03,0.11,0.40,0.70,0.94,1.04,0.92,0.70,0.41,0.15,0.02,-0.04,-0.04,-0.03,-0.02,-0.00,-0.00,-0.01,-0.02,-0.03,-0.02,-0.01,0.00,0.01,0.02,0.02,0.02,0.01,0.00,0.01,0.18,0.59,0.81,0.62,0.34,0.14,-0.00,-0.02,-0.03,-0.05,

----------------------------------------------------------




Results Ef
==========================================================
Biplane
----------------------------------------------------------
EF,66.17,%
EDV,146.35,ml
EDVi,76.60,ml/m²
ESV,49.51,ml
ESVi,25.91,ml/m²
SV,96.84,ml

Results Ef
==========================================================
A2C
----------------------------------------------------------
EF,64.31,%
EDV,166.71,ml
EDVi,87.26,ml/m²
ESV,59.49,ml
ESVi,31.14,ml/m²
SV,107.22,ml

Results Ef
==========================================================
A4C
----------------------------------------------------------
EF,70.14,%
EDV,125.77,ml
EDVi,65.83,ml/m²
ESV,37.56,ml
ESVi,19.66,ml/m²
SV,88.21,ml

Curves Ef
==========================================================
Biplane volume
Unit [ml]
Time [ms],0.00,19.64,39.27,58.91,78.54,98.18,117.81,137.45,157.08,176.72,196.35,215.99,235.62,255.26,274.89,294.53,314.16,333.80,353.43,373.07,392.70,412.34,431.97,451.61,471.24,490.88,510.52,530.15,549.79,569.42,589.06,608.69,628.33,647.96,667.60,687.23,706.87,726.50,746.14,765.77,785.41,805.04,824.68,844.31,863.95,883.58,903.22,922.85,942.49,962.12,981.76,1001.40,1021.03,1040.67,1060.30,1079.94,1099.57,1119.21,1138.84,1158.48,1178.11,
Total,146.35,137.78,131.80,131.62,123.60,113.71,103.38,95.04,87.59,80.79,74.37,68.71,63.64,59.33,55.63,52.84,50.81,49.76,49.52,49.53,49.63,49.80,50.15,51.44,54.17,59.73,67.44,76.06,83.23,89.40,94.05,97.40,100.04,101.92,102.50,102.51,102.32,102.27,102.58,103.19,104.00,104.92,105.74,106.43,106.97,107.50,108.11,108.69,108.93,108.68,109.16,111.39,116.44,123.03,129.50,134.08,135.94,134.80,131.54,131.21,135.82,

----------------------------------------------------------


Curves Ef
==========================================================
A2C volume
Unit [ml]
Time [ms],0.00,19.97,39.94,59.90,79.87,99.84,119.81,139.78,159.74,179.71,199.68,219.65,239.62,259.58,279.55,299.52,319.49,339.46,359.42,379.39,399.36,419.33,439.30,459.26,479.23,499.20,519.17,539.14,559.10,579.07,599.04,619.01,638.98,658.94,678.91,698.88,718.85,738.82,758.78,778.75,798.72,818.69,838.66,858.62,878.59,898.56,918.53,938.50,958.46,978.43,998.40,1018.37,1038.34,1058.30,1078.27,1098.24,1118.21,1138.18,1158.14,1178.11,1198.08,
Total,166.71,155.45,139.49,148.19,143.67,132.59,118.98,108.92,100.40,93.24,86.33,80.17,74.57,70.08,66.25,63.44,61.17,59.85,59.50,59.97,61.28,62.78,64.53,67.05,70.82,79.39,89.31,100.28,108.26,115.31,120.56,124.31,126.38,127.36,127.40,126.89,126.27,125.75,125.54,125.64,126.12,126.91,127.65,128.27,128.76,129.34,129.96,130.44,130.43,129.59,129.63,132.13,138.87,147.79,156.56,163.16,165.74,163.13,154.64,147.96,150.13,

----------------------------------------------------------


Curves Ef
==========================================================
A4C volume
Unit [ml]
Time [ms],0.00,19.97,39.94,59.90,79.87,99.84,119.81,139.78,159.74,179.71,199.68,219.65,239.62,259.58,279.55,299.52,319.49,339.46,359.42,379.39,399.36,419.33,439.30,459.26,479.23,499.20,519.17,539.14,559.10,579.07,599.04,619.01,638.98,658.94,678.91,698.88,718.85,738.82,758.78,778.75,798.72,818.69,838.66,858.62,878.59,898.56,918.53,938.50,958.46,978.43,998.40,1018.37,1038.34,1058.30,1078.27,1098.24,1118.21,1138.18,1158.14,
Total,125.77,118.39,119.94,112.07,101.64,93.13,85.65,78.95,72.57,66.18,60.37,55.37,50.97,47.01,43.79,41.44,40.05,39.67,39.57,38.88,38.19,37.58,37.97,39.96,43.38,49.31,56.23,62.57,68.02,72.12,74.94,77.68,79.90,80.74,81.16,81.40,81.83,82.64,83.62,84.63,85.56,86.35,87.03,87.58,88.14,88.79,89.44,89.85,90.57,92.08,95.08,100.23,105.64,109.15,110.61,110.43,111.11,116.17,122.60,

----------------------------------------------------------


